 
 164
 
 
 
 
 
 
 673
 
 
 297
 502
 
 
 
 257
 
 
 
 
 
 
 
 
 
 
 133
 135
 137
 139
 141
 144
 147
 149
 153
 155
 158
 161
 165
 167
 170
 172
 175
 177
 179
 182
 184
 186
 188
 190
 192
 194
 196
 198
 202
 204
 
 
 
 
 132
 
 247
 
 
 
 
 
 
 
 
 
 
 
 
 
 
 
 
 
 
 
 
 
 296
 501
 
 
 
 
 
 
 
 
 
 
 
 
 445
 
 
 150
 154
 156
 159
 162
 166
 168
 171
 173
 176
 129
 178
 181
 183
 185
 187
 189
 191
 193
 195
 197
 134
 199
 203
 136
 138
 140
 142
 145
 148
 
 
 
 
 
 
 1616
 
 2280
 4505
 
 828
 4504
 426
 
 0.0
 791
 4288
 1786
 0.0
 1954
 1692
 2503
 2027
 1693
 1996
 793
 2248
 2340
 1787
 1879
 1629
 1656
 
 0.3
 0.3
 803
 1926
 2268
 2227
 2206
 2197
 2255
 786
 768
 1802
 
 1865
 1973
 2188
 2236
 908
 2007
 1982
 2006
 1818
 1970
 1989
 1663
 0.3
 1625
 0.4
 
 1657
 
 1988
 
 
 2129
 
 3580
 3565
 804
 2358
 2001
 2707
 1612
 
 1698
 1638
 2157
 1981
 0.5
 2400
 1655
 1968
 268400
 1945
 349
 1826
 2168
 1953
 824
 1983
 1975
 2008
 2023
 2235
 783
 2419
 3532
 2497
 4274
 2200
 1986
 1985
 3612
 2388
 2034
 4275
 2651
 3505
 3365
 3187
 3285
 3538
 3510
 3329
 3721
 2866
 4224
 2671
 
 2410
 4281
 4495
 4503
 3220
 2528
 1881
 PID
